
# strength-response  mode=shape  n=700  cal=shipped


== THE SHAPE OF THE FIRST INNINGS ==
  matchup       min   p01   p05   p25   p50   p75   p95   p99   max  |    <50    <75   <100   <150   >300   >350   >400
  25 v 25        61    98   157   223   258   280   309   329   352  |      0   0.43   1.14   4.14   7.86   0.14      0
  25 v 35        46    92   151   232   275   300   340   364   386  |   0.14      1   1.29   4.86  24.86      2      0
  25 v 50        21    60   110   185   271   350   390   405   427  |   0.57   1.43   3.57  14.29  47.29  24.86   2.14
  25 v 70         9    47    79   133   220   385   423   439   455  |   1.57   4.57  11.86  30.57  49.14  43.57  14.14
  50 v 50        60   126   188   252   278   300   326   340   359  |      0   0.29   0.57   1.86  24.57   0.43      0
  50 v 60       119   146   188   253   276   300   328   345   357  |      0      0      0   1.14  24.29   0.29      0
  50 v 70        62   142   186   244   272   301   332   359   379  |      0   0.14   0.57   1.43  25.43   1.86      0
  70 v 70         7   125   195   242   264   280   302   322   334  |   0.14   0.43   0.43   2.71   5.29      0      0
  70 v 80        99   130   181   235   261   278   301   318   338  |      0      0   0.14   1.86   5.14      0      0
  70 v 90        90   125   183   236   256   273   298   319   347  |      0      0   0.14   1.86   4.14      0      0
  85 v 85       101   158   195   234   254   270   292   313   340  |      0      0      0      1      2      0      0
  85 v 95        42   138   196   235   252   268   294   310   347  |   0.14   0.29   0.71   1.57   2.57      0      0
  90 v 95       110   141   191   235   251   266   292   312   337  |      0      0      0   1.57      3      0      0

== THE MATRIX (A is the WEAKER side; B should win more as the gap grows) ==
  matchup       B win%  tie%  A runs  B runs  A wkts  margin  chase% allOut%
  25 v 25           51  0.43  231.38  232.49    7.38   32.81   47.57   42.43
  25 v 35        85.28  0.29  221.93  261.12    8.62   46.45      48   36.71
  25 v 50        99.86     0  162.27  264.77    9.59  102.67   50.14   41.86
  25 v 70          100     0  117.25  258.04    9.89  140.79   50.71   47.57
  50 v 50        48.43     1  259.45  258.14    6.32    27.9   50.29   25.71
  50 v 60        72.71     1  243.51  266.24    7.49   35.41   45.86   24.14
  50 v 70        85.57  0.29  230.59  265.53     7.9   42.46   48.43   23.57
  70 v 70        53.57     1  244.59  246.42    6.63   25.85      49   21.71
  70 v 80           60  1.29  236.79  244.06    6.86   27.74   48.43   23.57
  70 v 90        66.14  1.29  231.55   245.2    7.11   27.59   48.14   21.29
  85 v 85        49.43  1.71   238.9  237.81    6.61   26.26   47.71   18.29
  85 v 95        58.43  1.14  234.76  239.92    6.74   25.56      47   14.57
  90 v 95        51.85  1.86  235.93  238.25    6.42   24.28      50   13.71

