
# strength-response  mode=shape  n=300  cal=standard_wkt:0,standard_dot:0,standard_four:0,standard_six:0


== THE MATRIX (A is the WEAKER side; B should win more as the gap grows) ==
  matchup       B win%  tie%  A runs  B runs  A wkts  margin  chase% allOut%
  25 v 25           49     0  205.56  205.93    7.48    41.3      45      53
  25 v 35        85.34  0.33  174.16  218.28    8.88   52.31   50.33      52
  25 v 50          100     0   69.47  200.44      10  130.97   47.33   55.67
  25 v 70          100     0   31.05  192.85      10   161.8   53.33   54.33
  50 v 50        50.34  0.33  186.97  186.87    7.82   38.48   46.67      61
  50 v 60        69.67     0  171.12  199.07    8.43   44.32      44      58
  50 v 70        85.67     0  156.69   197.5    9.28      48   49.33   64.67
  70 v 70           54     0  178.51  182.37    8.04   35.64   43.33   63.33
  70 v 80        62.67     1  173.18  183.77     8.3   35.86   45.67   61.33
  70 v 90        73.67  1.33  169.13  192.28    8.65   37.43      48      57
  85 v 85        50.67     0  184.67  181.91    8.12   37.23   41.67   54.33
  85 v 95        60.67     1  178.68  188.81    8.08   32.99   46.67      45
  90 v 95           51  0.67  193.36  194.58    8.01   30.57      41   40.67

