
# strength-response  mode=shape  n=300  cal=shipped


== THE MATRIX (A is the WEAKER side; B should win more as the gap grows) ==
  matchup       B win%  tie%  A runs  B runs  A wkts  margin  chase% allOut%
  25 v 25           49     1  214.62  217.29    7.33   41.95      46   50.33
  25 v 35        86.66  0.67  206.91  254.41    8.69   55.14   46.67      44
  25 v 50          100     0  119.39  252.35    9.83  132.96   47.33      46
  25 v 70          100     0   65.58  246.17    9.95  180.59   53.33   52.67
  50 v 50        53.66  0.67  299.91  303.96    5.51   24.69   56.33   18.67
  50 v 60        73.66  0.67  297.05  317.95    5.78   27.49   53.33   12.67
  50 v 70           87     0  283.39  319.61    6.12   38.85   58.67      15
  70 v 70        55.67     1  320.35  322.86     3.9   13.44   65.67    6.67
  70 v 80        61.67  1.33  317.41   320.5    4.12   14.96   67.33    6.67
  70 v 90        73.33  0.67  313.82  323.12    4.42   15.07   62.67    4.67
  85 v 85           49  1.33  317.69  317.12    3.67   10.82   65.33       2
  85 v 95        52.34  2.33  316.19  316.66    3.47    8.72   63.67    0.67
  90 v 95           50  2.67  316.09  315.61    3.49   11.21   61.33    1.33

