
# strength-response  mode=shape  n=300  cal=mismatch_scale:1000000000


== THE MATRIX (A is the WEAKER side; B should win more as the gap grows) ==
  matchup       B win%  tie%  A runs  B runs  A wkts  margin  chase% allOut%
  25 v 25           52  1.33  242.55  247.43    7.22    31.6   45.67   32.33
  25 v 35           80     1  253.74  279.08    7.89   36.68      45      20
  25 v 50        98.67  0.33  249.84  307.21    7.81   57.99   47.33   10.33
  25 v 70          100     0   234.8  306.52    7.77   71.71   53.33   11.33
  50 v 50           54  0.67  313.21  314.61    5.16   18.42   61.67    7.33
  50 v 60        70.67  1.33  310.59  325.69    5.18   20.56      57    2.67
  50 v 70           88     0  304.67  326.99    5.37   22.94   61.67    5.33
  70 v 70        52.33  2.67  325.55  326.31    3.75    9.48   69.33    2.33
  70 v 80           62  1.67  321.95  325.09    4.05   12.21   65.33    1.33
  70 v 90           71  0.33  317.54  324.47     4.1   12.04   62.67    1.33
  85 v 85        48.66  1.67  320.23  320.43     3.6    8.31   67.67    0.33
  85 v 95        52.33  2.67  317.35  317.65    3.37     7.7   63.67       0
  90 v 95           50     2     317  316.77    3.41   10.14   63.33    0.67

