
# strength-response  mode=shape  n=300  cal=skill_soft:30


== THE MATRIX (A is the WEAKER side; B should win more as the gap grows) ==
  matchup       B win%  tie%  A runs  B runs  A wkts  margin  chase% allOut%
  25 v 25        51.33  0.67  212.76  219.27    7.22   46.36   46.33   52.67
  25 v 35        87.67     0  201.77  256.21    8.74   60.38      49      46
  25 v 50          100     0  107.11  266.46    9.81  159.35   47.33   44.33
  25 v 70          100     0   54.49  266.67    9.96  212.18   53.33   52.67
  50 v 50           51  0.67  329.48  328.34     4.6   20.23   65.67      14
  50 v 60           77  1.67  324.63  349.17    5.34   30.55      57    9.33
  50 v 70        93.67  0.33   302.4  348.21    6.08   46.56   57.67      11
  70 v 70        50.67     1  360.23  361.42    3.24   11.88      77    1.67
  70 v 80        63.66  0.67  353.98  360.19    3.77   10.28   76.67    3.33
  70 v 90        75.66  0.67  346.96  359.15    3.88   14.73   71.67       3
  85 v 85           51     1  356.86  355.78    3.05    9.72      76    0.33
  85 v 95           60  0.67  351.11  353.85    2.99    7.58   78.33    0.67
  90 v 95        51.66  1.67  355.65  355.97    2.86    8.28   71.67       0

