
# strength-response  mode=shape  n=300  cal=skill_soft:100


== THE MATRIX (A is the WEAKER side; B should win more as the gap grows) ==
  matchup       B win%  tie%  A runs  B runs  A wkts  margin  chase% allOut%
  25 v 25        57.67     0  213.38  221.65    7.46   37.94   50.33   51.33
  25 v 35           93     0  201.71  263.33    8.67   64.84   49.67   42.67
  25 v 50          100     0  102.64  277.39    9.82  174.75   47.33   45.33
  25 v 70          100     0   49.83  296.16    9.98  246.33   53.33      53
  50 v 50        49.34  0.33  359.22  358.08    3.88   20.76   66.33       8
  50 v 60           84     0  355.73  384.97    4.82    31.4      61       5
  50 v 70        97.33     0  332.38  391.71    5.61   59.48   55.67    7.33
  70 v 70        49.33  0.67  414.42  414.28    2.11    5.97   86.67       0
  70 v 80        67.67  0.33  413.31  417.31     2.4    5.87   83.67    0.67
  70 v 90        70.66  0.67  413.06  419.63    2.34    8.11   82.67    0.67
  85 v 85        53.33  0.67   417.4  417.84    1.92    3.95      91       0
  85 v 95        55.67  1.33  420.82  422.08    1.86    3.69   91.67       0
  90 v 95           55  0.33  420.16  421.75     1.9    4.08      90       0

