
# strength-response  mode=shape  n=300  cal=skill_soft:15


== THE MATRIX (A is the WEAKER side; B should win more as the gap grows) ==
  matchup       B win%  tie%  A runs  B runs  A wkts  margin  chase% allOut%
  25 v 25        49.67  0.33  218.33  217.05    7.29   41.59   43.33   48.33
  25 v 35        88.33     0  205.89  255.61    8.82   55.27      49      46
  25 v 50          100     0  112.59  254.71    9.83  142.12   47.33   46.67
  25 v 70          100     0    61.1  249.14      10  188.04   53.33   53.33
  50 v 50        48.67     1  309.74  309.74    4.96   24.81   60.67   16.33
  50 v 60        75.34  1.33  303.38  327.45    5.83   33.29   54.33   11.67
  50 v 70        89.33  0.67  289.36   328.8    6.12   41.21   57.33   14.33
  70 v 70        50.33     1  333.93  335.26    3.72   13.54   68.33    2.67
  70 v 80           64  1.67  327.35  330.96    4.13   11.62   67.33    5.67
  70 v 90        73.33  0.67  321.04  332.54    4.25   16.39   67.67    2.33
  85 v 85        49.67  2.33  329.28  328.54    3.36    9.31   67.67    1.67
  85 v 95        56.33     1  322.38  325.49    3.51   10.27      65    0.33
  90 v 95           56  2.67  323.27  325.27    3.25    9.63   66.33    1.33

