
# strength-response  mode=shape  n=200 matches per cell


== THE MATRIX (A is the WEAKER side; B should win more as the gap grows) ==
  matchup       B win%  tie%  A runs  B runs  A wkts  margin  chase% allOut%
  25 v 25         50.5   1.5  215.02  220.38    7.31   40.66    48.5    47.5
  25 v 35         86.5   0.5  208.97  254.17     8.7   54.54    47.5      44
  25 v 50          100     0  118.27  253.79    9.79  135.52      47    45.5
  25 v 70          100     0   64.36  250.16    9.94  185.79    52.5    51.5
  25 v 90          100     0   54.82  252.83      10  198.01    52.5    52.5
  35 v 35           54     0   265.6  270.86    6.51   32.84      49    36.5
  35 v 45         86.5     1  249.88  291.45    7.88   45.56    52.5      31
  35 v 60           99     0  189.98  296.47    9.26   106.7      47    35.5
  40 v 50         84.5   0.5  271.77  311.95    7.36   46.35      45      19
  40 v 60           98     0  247.58  312.72    7.71    66.1      47    21.5
  50 v 50         52.5     1   299.9  303.27    5.49   24.89    56.5      19
  50 v 60           75   0.5  296.21  318.04    5.84   26.29      55    12.5
  50 v 70         86.5     0  281.14  321.98    6.34   43.57      56    16.5
  50 v 80         95.5     1     285  325.58    5.97   41.13    57.5     7.5
  60 v 60           44   2.5   322.2  322.07    4.09   19.19    58.5     6.5
  60 v 70         63.5   0.5   312.8  324.96    4.31   20.43      63     4.5
  60 v 80         76.5     1  307.19  328.83    5.05   25.46    55.5       5
  60 v 90           87     1  301.97  325.72    4.87   25.09      57       4
  70 v 70           58   0.5  318.94  319.54    3.89   13.55      67       7
  70 v 80         63.5   1.5  317.83   319.2    4.13   14.19    68.5       6
  70 v 90           73   0.5  314.19  322.76    4.45   13.37    64.5       6
  80 v 90           57     2  317.46  321.96    3.97   11.87    63.5     1.5
  80 v 95           56   2.5  317.75  322.74    3.78   11.14      64     0.5
  90 v 95         50.5   2.5  315.16  314.83    3.69   11.82      62     1.5
  95 v 95         42.5   0.5  317.68  315.95     3.4    6.84    69.5       1

