THE WORLD OVER 20 SEASONS (ageing + the nets + replacement, no cricket)

  season   pop   mean  median   p10   p90  meanAge   80+  85+  90+  95+  retired  joined
       0  3840   50.0      50    24    77     24.7   274  121   31    8        0       0
       5  3840   51.4      52    26    77     29.3   300  129   31    8        3       3
      10  3840   50.2      50    26    75     31.3   240   94   18    3      266     266
      20  3840   50.2      50    24    76     29.9   268  110   26    5      137     137

  BANDS
  season     0-20  21-40  41-60  61-79  80-84  85-89  90-94  95-97  98-99    100
       0      275    995   1366    930    153     90     23      8      0      0
       5      202    967   1398    973    171     98     23      8      0      0
      10      199   1025   1444    932    146     76     15      3      0      0
      20      256    986   1420    910    158     84     21      4      1      0

  ROLES
  season       bat    bowl      ar      wk
       0      1437    1343     548     512
       5      1438    1362     541     499
      10      1482    1334     525     499
      20      1495    1319     524     502
