=== MATCH-DAY ENDURANCE PROBE: the shipped engine, measured ===
one forced continuous 10-over spell; fatigue trajectory sampled FROM the engine,
then ballDist evaluated exactly at each sampled state. cost = runs - 25 x wickets.

--- balanced/Sunny ---
  fast
    stamina         1      2      3      4      5      6      7      8      9     10
         30      2.27   2.90   3.44   3.92   4.35   4.33   4.76   4.99   5.14   5.28
         45      2.23   2.84   3.35   3.80   4.21   4.21   4.62   4.96   5.14   5.28
         60      2.23   2.78   3.26   3.69   4.06   4.08   4.48   4.80   5.11   5.28
         75      2.23   2.72   3.17   3.57   3.91   3.96   4.34   4.64   4.94   5.22
         90      2.23   2.66   3.08   3.45   3.77   3.83   4.20   4.48   4.76   5.03
    fat st30    0.136  0.271  0.407  0.543  0.679  0.814  0.950  1.086  1.222  1.357
    fat st90    0.083  0.166  0.250  0.333  0.416  0.499  0.582  0.666  0.749  0.832
    wkts/over st30  0.146 0.132 0.120 0.111 0.104 0.079 0.071 0.067 0.066 0.064
    wkts/over st90  0.146 0.135 0.126 0.118 0.112 0.087 0.080 0.075 0.071 0.068
  fastMedium
    stamina         1      2      3      4      5      6      7      8      9     10
         30      2.54   3.00   3.42   3.79   4.14   4.25   4.60   4.85   4.99   5.12
         45      2.52   2.95   3.34   3.70   4.02   4.15   4.48   4.78   4.99   5.12
         60      2.52   2.91   3.27   3.60   3.90   4.04   4.36   4.64   4.92   5.12
         75      2.52   2.86   3.20   3.50   3.77   3.94   4.24   4.51   4.77   5.02
         90      2.52   2.81   3.12   3.40   3.65   3.83   4.11   4.37   4.61   4.85
    fat st30    0.131  0.261  0.392  0.523  0.654  0.784  0.915  1.046  1.176  1.307
    fat st90    0.080  0.160  0.240  0.320  0.401  0.481  0.561  0.641  0.721  0.801
    wkts/over st30  0.108 0.100 0.093 0.087 0.082 0.063 0.058 0.055 0.054 0.053
    wkts/over st90  0.108 0.102 0.097 0.092 0.088 0.069 0.065 0.062 0.059 0.056
  medium
    stamina         1      2      3      4      5      6      7      8      9     10
         30      2.41   2.78   3.11   3.42   3.71   3.99   4.29   4.57   4.69   4.81
         45      2.40   2.74   3.05   3.34   3.61   3.90   4.18   4.45   4.69   4.81
         60      2.40   2.70   2.99   3.26   3.50   3.81   4.08   4.33   4.58   4.81
         75      2.40   2.66   2.93   3.17   3.40   3.72   3.97   4.21   4.45   4.68
         90      2.40   2.62   2.87   3.09   3.30   3.63   3.87   4.09   4.31   4.53
    fat st30    0.126  0.251  0.377  0.503  0.628  0.754  0.880  1.005  1.131  1.257
    fat st90    0.077  0.154  0.231  0.308  0.385  0.462  0.539  0.616  0.693  0.770
    wkts/over st30  0.086 0.081 0.076 0.072 0.069 0.054 0.051 0.048 0.046 0.045
    wkts/over st90  0.086 0.083 0.079 0.076 0.073 0.059 0.056 0.053 0.051 0.049
  fingerSpin
    stamina         1      2      3      4      5      6      7      8      9     10
         30      4.42   4.55   4.68   4.83   4.99   4.27   4.49   4.70   4.77   4.84
         45      4.41   4.51   4.62   4.75   4.89   4.18   4.38   4.59   4.77   4.84
         60      4.41   4.47   4.57   4.67   4.79   4.09   4.28   4.47   4.66   4.84
         75      4.41   4.43   4.51   4.59   4.69   4.00   4.17   4.35   4.52   4.70
         90      4.41   4.39   4.45   4.52   4.59   3.91   4.07   4.23   4.39   4.55
    fat st30    0.126  0.251  0.377  0.503  0.628  0.754  0.880  1.005  1.131  1.257
    fat st90    0.077  0.154  0.231  0.308  0.385  0.462  0.539  0.616  0.693  0.770
    wkts/over st30  0.043 0.043 0.043 0.042 0.042 0.047 0.046 0.044 0.044 0.044
    wkts/over st90  0.043 0.044 0.045 0.045 0.045 0.052 0.050 0.049 0.048 0.047
  wristSpin
    stamina         1      2      3      4      5      6      7      8      9     10
         30      4.63   4.76   4.92   5.09   5.27   4.18   4.43   4.68   4.75   4.82
         45      4.62   4.72   4.85   4.99   5.15   4.07   4.31   4.55   4.75   4.82
         60      4.62   4.67   4.78   4.90   5.03   3.97   4.18   4.40   4.62   4.82
         75      4.62   4.63   4.71   4.81   4.92   3.86   4.06   4.26   4.46   4.67
         90      4.62   4.58   4.64   4.72   4.80   3.75   3.93   4.12   4.30   4.49
    fat st30    0.126  0.251  0.377  0.503  0.628  0.754  0.880  1.005  1.131  1.257
    fat st90    0.077  0.154  0.231  0.308  0.385  0.462  0.539  0.616  0.693  0.770
    wkts/over st30  0.065 0.065 0.065 0.064 0.063 0.071 0.068 0.065 0.065 0.065
    wkts/over st90  0.065 0.067 0.067 0.067 0.067 0.077 0.075 0.073 0.072 0.070

--- green/Overcast ---
  fast
    stamina         1      2      3      4      5      6      7      8      9     10
         30     -3.27  -1.72  -0.53   0.43   1.22   2.16   3.23   3.56   3.78   3.97
         45     -3.31  -1.80  -0.64   0.28   1.04   2.00   3.06   3.53   3.78   3.97
         60     -3.32  -1.88  -0.76   0.13   0.85   1.83   2.89   3.34   3.75   3.97
         75     -3.32  -1.96  -0.88  -0.02   0.67   1.66   2.71   3.14   3.54   3.91
         90     -3.32  -2.05  -0.99  -0.17   0.48   1.50   2.53   2.94   3.32   3.67
    fat st30    0.136  0.271  0.407  0.543  0.679  0.814  0.950  1.086  1.222  1.357
    fat st90    0.083  0.166  0.250  0.333  0.416  0.499  0.582  0.666  0.749  0.832
    wkts/over st30  0.331 0.283 0.249 0.223 0.203 0.151 0.119 0.113 0.108 0.105
    wkts/over st90  0.332 0.291 0.259 0.236 0.217 0.166 0.134 0.125 0.117 0.111
  fastMedium
    stamina         1      2      3      4      5      6      7      8      9     10
         30     -2.43  -1.26  -0.32   0.44   1.09   2.09   3.00   3.37   3.57   3.75
         45     -2.46  -1.32  -0.42   0.32   0.94   1.94   2.85   3.27   3.57   3.75
         60     -2.46  -1.39  -0.52   0.19   0.78   1.80   2.69   3.10   3.48   3.75
         75     -2.46  -1.46  -0.61   0.06   0.62   1.66   2.54   2.93   3.29   3.63
         90     -2.46  -1.52  -0.71  -0.06   0.47   1.51   2.38   2.75   3.10   3.42
    fat st30    0.131  0.261  0.392  0.523  0.654  0.784  0.915  1.046  1.176  1.307
    fat st90    0.080  0.160  0.240  0.320  0.401  0.481  0.561  0.641  0.721  0.801
    wkts/over st30  0.274 0.241 0.215 0.196 0.180 0.136 0.111 0.104 0.100 0.097
    wkts/over st90  0.275 0.247 0.224 0.206 0.192 0.149 0.123 0.116 0.109 0.103
  medium
    stamina         1      2      3      4      5      6      7      8      9     10
         30     -0.88  -0.07   0.60   1.16   1.64   2.53   3.22   3.58   3.75   3.91
         45     -0.89  -0.12   0.53   1.06   1.52   2.41   3.10   3.45   3.75   3.91
         60     -0.89  -0.17   0.45   0.97   1.40   2.30   2.97   3.31   3.63   3.91
         75     -0.89  -0.22   0.38   0.87   1.28   2.19   2.85   3.17   3.47   3.75
         90     -0.89  -0.26   0.31   0.77   1.16   2.07   2.72   3.03   3.31   3.58
    fat st30    0.126  0.251  0.377  0.503  0.628  0.754  0.880  1.005  1.131  1.257
    fat st90    0.077  0.154  0.231  0.308  0.385  0.462  0.539  0.616  0.693  0.770
    wkts/over st30  0.191 0.170 0.154 0.142 0.132 0.101 0.084 0.078 0.075 0.073
    wkts/over st90  0.191 0.174 0.159 0.148 0.140 0.110 0.093 0.087 0.082 0.078
  fingerSpin
    stamina         1      2      3      4      5      6      7      8      9     10
         30      4.08   4.20   4.33   4.48   4.62   4.23   4.43   4.63   4.70   4.76
         45      4.07   4.17   4.28   4.40   4.53   4.15   4.34   4.53   4.70   4.76
         60      4.07   4.13   4.22   4.33   4.44   4.07   4.24   4.42   4.60   4.76
         75      4.07   4.09   4.17   4.25   4.34   3.98   4.14   4.31   4.47   4.63
         90      4.07   4.06   4.11   4.18   4.25   3.90   4.05   4.20   4.35   4.49
    fat st30    0.126  0.251  0.377  0.503  0.628  0.754  0.880  1.005  1.131  1.257
    fat st90    0.077  0.154  0.231  0.308  0.385  0.462  0.539  0.616  0.693  0.770
    wkts/over st30  0.042 0.042 0.042 0.042 0.041 0.040 0.039 0.038 0.038 0.038
    wkts/over st90  0.042 0.043 0.044 0.044 0.044 0.044 0.043 0.042 0.041 0.040
  wristSpin
    stamina         1      2      3      4      5      6      7      8      9     10
         30      4.25   4.38   4.53   4.69   4.86   4.20   4.43   4.66   4.73   4.79
         45      4.24   4.33   4.46   4.60   4.75   4.10   4.32   4.54   4.73   4.79
         60      4.24   4.29   4.40   4.51   4.64   4.00   4.20   4.41   4.61   4.79
         75      4.24   4.25   4.33   4.43   4.53   3.91   4.09   4.28   4.46   4.65
         90      4.24   4.21   4.27   4.34   4.42   3.81   3.98   4.15   4.32   4.49
    fat st30    0.126  0.251  0.377  0.503  0.628  0.754  0.880  1.005  1.131  1.257
    fat st90    0.077  0.154  0.231  0.308  0.385  0.462  0.539  0.616  0.693  0.770
    wkts/over st30  0.064 0.064 0.063 0.063 0.062 0.060 0.058 0.056 0.056 0.056
    wkts/over st90  0.064 0.065 0.066 0.066 0.066 0.066 0.064 0.063 0.061 0.060

--- dry/Sunny ---
  fast
    stamina         1      2      3      4      5      6      7      8      9     10
         30      2.19   2.83   3.38   3.87   4.30   4.38   4.81   5.03   5.18   5.32
         45      2.16   2.77   3.29   3.75   4.15   4.26   4.67   5.00   5.18   5.32
         60      2.15   2.71   3.20   3.63   4.00   4.13   4.53   4.85   5.16   5.32
         75      2.15   2.65   3.11   3.51   3.86   4.01   4.39   4.69   4.98   5.27
         90      2.15   2.59   3.02   3.39   3.71   3.89   4.25   4.53   4.80   5.07
    fat st30    0.136  0.271  0.407  0.543  0.679  0.814  0.950  1.086  1.222  1.357
    fat st90    0.083  0.166  0.250  0.333  0.416  0.499  0.582  0.666  0.749  0.832
    wkts/over st30  0.149 0.134 0.123 0.114 0.106 0.077 0.069 0.066 0.064 0.062
    wkts/over st90  0.149 0.138 0.128 0.120 0.114 0.085 0.078 0.073 0.070 0.066
  fastMedium
    stamina         1      2      3      4      5      6      7      8      9     10
         30      2.48   2.95   3.37   3.75   4.10   4.29   4.64   4.89   5.02   5.15
         45      2.46   2.90   3.30   3.65   3.98   4.19   4.52   4.82   5.02   5.15
         60      2.46   2.85   3.22   3.55   3.85   4.08   4.40   4.68   4.95   5.15
         75      2.46   2.80   3.15   3.45   3.73   3.98   4.28   4.54   4.80   5.05
         90      2.46   2.75   3.07   3.35   3.61   3.87   4.16   4.41   4.65   4.89
    fat st30    0.131  0.261  0.392  0.523  0.654  0.784  0.915  1.046  1.176  1.307
    fat st90    0.080  0.160  0.240  0.320  0.401  0.481  0.561  0.641  0.721  0.801
    wkts/over st30  0.110 0.102 0.095 0.089 0.084 0.062 0.057 0.054 0.053 0.051
    wkts/over st90  0.110 0.104 0.099 0.094 0.090 0.068 0.064 0.060 0.057 0.055
  medium
    stamina         1      2      3      4      5      6      7      8      9     10
         30      2.36   2.74   3.07   3.38   3.67   4.03   4.32   4.60   4.72   4.84
         45      2.36   2.69   3.01   3.30   3.57   3.94   4.22   4.49   4.72   4.84
         60      2.36   2.65   2.95   3.22   3.47   3.85   4.11   4.37   4.61   4.84
         75      2.36   2.61   2.89   3.13   3.36   3.76   4.01   4.25   4.48   4.71
         90      2.36   2.57   2.83   3.05   3.26   3.66   3.90   4.13   4.34   4.56
    fat st30    0.126  0.251  0.377  0.503  0.628  0.754  0.880  1.005  1.131  1.257
    fat st90    0.077  0.154  0.231  0.308  0.385  0.462  0.539  0.616  0.693  0.770
    wkts/over st30  0.088 0.082 0.078 0.074 0.070 0.053 0.049 0.046 0.045 0.044
    wkts/over st90  0.088 0.084 0.081 0.078 0.075 0.057 0.055 0.052 0.050 0.047
  fingerSpin
    stamina         1      2      3      4      5      6      7      8      9     10
         30      3.46   3.56   3.69   3.82   3.96   2.93   3.15   3.36   3.39   3.41
         45      3.45   3.52   3.62   3.73   3.85   2.83   3.03   3.22   3.39   3.41
         60      3.45   3.48   3.56   3.65   3.75   2.72   2.90   3.08   3.26   3.41
         75      3.45   3.44   3.50   3.57   3.64   2.61   2.77   2.93   3.09   3.24
         90      3.45   3.40   3.44   3.49   3.54   2.50   2.64   2.79   2.92   3.06
    fat st30    0.126  0.251  0.377  0.503  0.628  0.754  0.880  1.005  1.131  1.257
    fat st90    0.077  0.154  0.231  0.308  0.385  0.462  0.539  0.616  0.693  0.770
    wkts/over st30  0.067 0.067 0.067 0.067 0.066 0.086 0.084 0.082 0.083 0.084
    wkts/over st90  0.067 0.069 0.070 0.070 0.071 0.094 0.093 0.092 0.091 0.090
  wristSpin
    stamina         1      2      3      4      5      6      7      8      9     10
         30      3.51   3.63   3.76   3.91   4.07   2.58   2.84   3.08   3.10   3.12
         45      3.50   3.58   3.69   3.82   3.95   2.45   2.68   2.92   3.10   3.12
         60      3.50   3.53   3.62   3.72   3.82   2.32   2.53   2.74   2.95   3.12
         75      3.50   3.48   3.54   3.62   3.70   2.19   2.38   2.56   2.75   2.92
         90      3.50   3.43   3.47   3.52   3.57   2.06   2.22   2.39   2.55   2.70
    fat st30    0.126  0.251  0.377  0.503  0.628  0.754  0.880  1.005  1.131  1.257
    fat st90    0.077  0.154  0.231  0.308  0.385  0.462  0.539  0.616  0.693  0.770
    wkts/over st30  0.094 0.094 0.094 0.093 0.092 0.119 0.116 0.113 0.114 0.115
    wkts/over st90  0.094 0.097 0.097 0.098 0.098 0.130 0.128 0.126 0.125 0.123

--- balanced/Scorching ---
  fast
    stamina         1      2      3      4      5      6      7      8      9     10
         30      2.94   3.87   4.70   5.29   5.40   4.83   5.05   5.20   5.35   5.49
         45      2.84   3.67   4.40   5.07   5.40   4.83   5.05   5.20   5.35   5.49
         60      2.75   3.49   4.13   4.72   5.25   4.83   5.05   5.20   5.35   5.49
         75      2.66   3.32   3.89   4.39   4.85   4.68   5.05   5.20   5.35   5.49
         90      2.59   3.17   3.67   4.10   4.49   4.39   4.79   5.12   5.35   5.49
    fat st30    0.269  0.539  0.808  1.077  1.347  1.616  1.885  2.155  2.424  2.693
    fat st90    0.118  0.237  0.355  0.473  0.591  0.710  0.828  0.946  1.065  1.183
    wkts/over st30  0.133 0.115 0.101 0.092 0.089 0.070 0.066 0.064 0.062 0.060
    wkts/over st90  0.138 0.125 0.115 0.107 0.100 0.077 0.070 0.065 0.062 0.060
  fastMedium
    stamina         1      2      3      4      5      6      7      8      9     10
         30      3.05   3.74   4.38   4.98   5.10   4.73   4.90   5.04   5.17   5.30
         45      2.97   3.58   4.15   4.67   5.10   4.73   4.90   5.04   5.17   5.30
         60      2.90   3.45   3.94   4.39   4.82   4.73   4.90   5.04   5.17   5.30
         75      2.84   3.32   3.75   4.14   4.51   4.51   4.86   5.04   5.17   5.30
         90      2.80   3.21   3.58   3.91   4.22   4.27   4.59   4.88   5.16   5.30
    fat st30    0.246  0.492  0.738  0.984  1.230  1.476  1.722  1.968  2.214  2.460
    fat st90    0.110  0.221  0.331  0.442  0.552  0.662  0.773  0.883  0.994  1.104
    wkts/over st30  0.099 0.089 0.080 0.072 0.071 0.056 0.054 0.052 0.051 0.050
    wkts/over st90  0.102 0.095 0.089 0.084 0.080 0.062 0.058 0.054 0.051 0.050
  medium
    stamina         1      2      3      4      5      6      7      8      9     10
         30      2.81   3.35   3.85   4.34   4.60   4.46   4.60   4.73   4.85   4.97
         45      2.75   3.23   3.68   4.10   4.51   4.46   4.60   4.73   4.85   4.97
         60      2.70   3.12   3.51   3.88   4.23   4.39   4.60   4.73   4.85   4.97
         75      2.65   3.02   3.36   3.68   3.98   4.18   4.48   4.73   4.85   4.97
         90      2.63   2.94   3.23   3.50   3.75   3.98   4.25   4.51   4.76   4.97
    fat st30    0.225  0.449  0.674  0.899  1.123  1.348  1.573  1.797  2.022  2.246
    fat st90    0.103  0.206  0.309  0.412  0.515  0.618  0.721  0.824  0.927  1.030
    wkts/over st30  0.079 0.073 0.067 0.062 0.059 0.048 0.046 0.045 0.044 0.043
    wkts/over st90  0.081 0.077 0.073 0.070 0.067 0.053 0.050 0.048 0.045 0.043
  fingerSpin
    stamina         1      2      3      4      5      6      7      8      9     10
         30      4.78   5.07   5.38   5.70   5.83   4.73   4.79   4.86   4.93   5.00
         45      4.73   4.96   5.21   5.47   5.74   4.73   4.79   4.86   4.93   5.00
         60      4.68   4.85   5.05   5.26   5.47   4.66   4.79   4.86   4.93   5.00
         75      4.63   4.76   4.91   5.07   5.23   4.45   4.68   4.86   4.93   5.00
         90      4.61   4.68   4.78   4.89   5.01   4.26   4.45   4.64   4.84   5.00
    fat st30    0.225  0.449  0.674  0.899  1.123  1.348  1.573  1.797  2.022  2.246
    fat st90    0.103  0.206  0.309  0.412  0.515  0.618  0.721  0.824  0.927  1.030
    wkts/over st30  0.040 0.039 0.037 0.036 0.036 0.042 0.042 0.042 0.042 0.042
    wkts/over st90  0.041 0.041 0.041 0.041 0.041 0.047 0.045 0.044 0.043 0.042
  wristSpin
    stamina         1      2      3      4      5      6      7      8      9     10
         30      5.06   5.39   5.74   6.11   6.25   4.73   4.81   4.88   4.95   5.03
         45      5.00   5.26   5.55   5.84   6.15   4.73   4.81   4.88   4.95   5.03
         60      4.94   5.14   5.36   5.60   5.85   4.66   4.81   4.88   4.95   5.03
         75      4.89   5.03   5.20   5.38   5.57   4.41   4.67   4.88   4.95   5.03
         90      4.87   4.94   5.05   5.18   5.31   4.18   4.40   4.63   4.85   5.03
    fat st30    0.225  0.449  0.674  0.899  1.123  1.348  1.573  1.797  2.022  2.246
    fat st90    0.103  0.206  0.309  0.412  0.515  0.618  0.721  0.824  0.927  1.030
    wkts/over st30  0.060 0.058 0.056 0.054 0.053 0.062 0.062 0.062 0.062 0.061
    wkts/over st90  0.062 0.062 0.062 0.062 0.061 0.070 0.067 0.065 0.063 0.061

--- AGE IN A LONG SPELL (balanced/Sunny, fast, stamina 60) ---
  age 24  cost    2.23   2.75   3.22   3.63   3.99   4.02   4.41   4.72   5.03   5.28
  age 28  cost    2.23   2.78   3.26   3.69   4.06   4.08   4.48   4.80   5.11   5.28
  age 32  cost    2.23   2.82   3.33   3.81   4.23   4.24   4.67   5.03   5.24   5.38
  age 36  cost    2.31   2.96   3.52   4.12   4.66   4.62   5.09   5.30   5.45   5.59

--- WHAT A REST IS WORTH (balanced/Sunny, fast, age 27) ---
  stamina 30  7th over unbroken 4.76   same man, spell restarted 4.64   a rest is worth 0.12 runs
  stamina 45  7th over unbroken 4.62   same man, spell restarted 4.50   a rest is worth 0.12 runs
  stamina 60  7th over unbroken 4.48   same man, spell restarted 4.36   a rest is worth 0.12 runs
  stamina 75  7th over unbroken 4.34   same man, spell restarted 4.21   a rest is worth 0.12 runs
  stamina 90  7th over unbroken 4.20   same man, spell restarted 4.07   a rest is worth 0.13 runs

--- SIX OVERS STRAIGHT THROUGH, OR TWO SPELLS OF THREE? ---
same man, same six overs, same total fatigue. The gap is the whole of what
an opening-burst length is worth. Positive = splitting is cheaper.

                          st30    st45    st60    st75    st90
  age 24 fast            0.00    0.00    0.00    0.00    0.00
  age 24 fingerSpin      0.00    0.00    0.00    0.00    0.00
  age 28 fast            0.00    0.00    0.00    0.00    0.00
  age 28 fingerSpin      0.00    0.00    0.00    0.00    0.00
  age 32 fast            0.16    0.16    0.16    0.16    0.17
  age 32 fingerSpin      0.12    0.12    0.12    0.12    0.12
  age 36 fast            0.48    0.48    0.49    0.49    0.49
  age 36 fingerSpin      0.35    0.35    0.35    0.35    0.35

--- WHAT A REST IS WORTH, BY AGE (balanced/Sunny, fast, stamina 60) ---
  age 24  7th over unbroken 4.41   spell restarted 4.29   a rest is worth 0.12 runs
  age 28  7th over unbroken 4.48   spell restarted 4.36   a rest is worth 0.12 runs
  age 32  7th over unbroken 4.67   spell restarted 4.46   a rest is worth 0.21 runs
  age 36  7th over unbroken 5.09   spell restarted 4.71   a rest is worth 0.38 runs
