slot  stature  econStat   mean XI ovr   mean XI rating   payroll/rd   payroll x slot15
   0    1.000     1.000          77.4           77,364     $443,980              x4.63
   1    0.860     0.860          72.5           72,455     $361,800              x3.77
   2    0.825     0.825          72.5           72,455     $366,960              x3.83
   3    0.790     0.790          72.8           72,818     $368,920              x3.85
   4    0.755     0.755          67.2           67,182     $295,060              x3.08
   5    0.720     0.720          66.9           66,909     $288,160              x3.01
   6    0.685     0.685          66.8           66,818     $290,460              x3.03
   7    0.650     0.650          66.0           66,000     $287,420              x3.00
   8    0.620     0.620          56.8           56,818     $180,370              x1.88
   9    0.598     0.620          57.1           57,091     $182,270              x1.90
  10    0.576     0.620          56.6           56,636     $179,300              x1.87
  11    0.554     0.620          56.4           56,364     $182,450              x1.90
  12    0.532     0.620          45.3           45,273      $97,080              x1.01
  13    0.510     0.620          45.1           45,091      $95,200              x0.99
  14    0.488     0.620          44.6           44,636      $90,890              x0.95
  15    0.466     0.620          45.0           45,000      $95,870              x1.00
